Part 1
4.064128242560359
1.706047351694915
1.2808333333333333
Part 2
  id    nobs
----  ------
   1     117
  id    nobs
----  ------
   2    1041
   4     474
   8     192
  10     148
  12      96
  id    nobs
----  ------
  30     932
  29     711
  28     475
  27     338
  26     586
  25     463
Part 3
[-0.018957540970254868, -0.14051254401589214, -0.04389737213878463, -0.06815956229777326, -0.12350666584148717, -0.07588814421898893, -0.15967365150066704, -0.08684193979881484, 0.7631288370362941, -0.157828603403922, -0.15699891890668508, -0.04489881782582593, 0.11724926438924757, 0.25905717763627445, 0.13327460678614436, 0.3662010776090768, 0.5807512643472196, 0.00686392965203674, 0.7266938876936636, 0.05774167604499976, 0.11533808557433024, 0.46575401167992864, 0.5158043745390809, 0.41269353740449327, 0.37563117624834563, 0.3157253165730182, 0.2445605612204059, 0.5944264990901567, 0.5535149763954083, 0.6143405658152749, 0.4605136194346127, 0.4050225010402513, 0.4347897804609332, 0.08842136365224244, 0.11813669729864343, -0.0910228195152077, -0.0330913041930141, 0.44066046587986685, -0.029683707616488402, 0.26852539012311666, 0.27722095845622013, -0.04910845341019548, 0.3226274098347665, 0.09113937360436565, -0.025750053267847822, 0.12052160170812222, -0.061746831491124414, 0.041306963356957195, -0.14620213640558824, -0.1624851846594538, -0.09725439326062704, 0.08926285577154877, 0.5684039909588053, 0.7118640082413489, 0.2682032373518271, 0.19064458491051386, 0.22722298344400846, 0.22923888175011942, 0.005635506317601878, 0.018628108305137905, -0.06475017382732677, 0.0966142974834903, 0.002864405220907112, 0.1071847745422494, 0.12847728429427488, -0.042533572499451736, -0.137041337026334, 0.1366090296487858, 0.11897525281640517, 0.09807385511885583, 0.06692831004388482, 0.10021247430717253, -0.0639843438676681, -0.06652548897746237, -0.12924588357060107, -0.11106640856183905, -0.08944120977615752, -0.11409032543862271, -0.10628070169546273, -0.1768551635213448, -0.1169846799253463, 0.019138583013046183, 0.10064350169202695, -0.07385848395069776, 0.03666592068378453, -0.1079578093029745, 0.29674410496583786, 0.34742156896493925, 0.14652876502189932, 0.36241457715868086, 0.09333083190658632, 0.19891519213358708, 0.16460226243331408, 0.18062697496971428, 0.17650854266970106, 0.1391586311428105, 0.23198439913390506, 0.22761591795953975, 0.27590363409427787, 0.299630039916478, 0.24814314529379078, 0.2983441782922248, -0.05632536624563324, -0.17811455761467004, 0.002032940406073442, -0.02280218267033013, -0.001202233355232606, 0.08521742335508152, -0.07640902311357077, 0.01002171645722702, 0.01641164595045239, -0.03878593406073141, -0.07529776789074216, 0.041917772893683175, 0.19332404016386256, 0.5969291428347568, 0.11359659048865449, -0.14375003745599324, -0.017703372634432866, 0.28490536030564395, 0.3055061107900811, 0.1500313060475178, 0.13489507718051405, 0.1728500025171709, 0.2860762026869477, -0.10668774781270379, 0.24474416762870124, 0.33712008505444063, 0.42479895588622774, 0.09592188071173632, 0.022899033265977826, 0.14333073483358322, 0.08719621839168878, 0.4087410278406987, 0.42517687939761883, 0.3617284337981055, -0.03509033710260206, -0.08238845340188305, -0.09474231267134613, -0.0875737257999388, -0.06040583655325571, -0.09239826858249968, -0.1831973525117707, 0.1246501115395477, -0.053001161752230845, -0.0399115355023394, 0.010158286910586761, 0.45182885362788217, 0.2957936990606036, 0.6152687274406371, -0.07521405335720324, 0.13220740543067827, 0.08954709750193843, -0.01908612656505609, -0.04555262633844311, 0.2115995246004094, -0.07397283361930973, 0.11266837695945724, 0.1383878907346342, -0.0032075495876248347, -0.052643174122643195, 0.042168143768295044, -0.0674601731964989, -0.030882796949012307, 0.01780564732935031, 0.026138072723524315, -0.05028754305141792, 0.016535642886678855, 0.19991901365952405, 0.4821582861866469, 0.35511047375733923, 0.5896063397204752, 0.36803809874842386, -0.029094866431611254, -0.07449532311087492, 0.26210156064992285, -0.005386992702600476, 0.2588263799210332, 0.14411081978813414, 0.10191501700105272, 0.023020993157659084, 0.0745942517706365, 0.2566651391784796, 0.16240115808157451, -0.0034544054611217725, 0.190141976449422, 0.18458123897930018, 0.12059645990314362, -0.1762331522329787, -0.14469913104534687, 0.1470741154793824, 0.27352038235631915, 0.10955732318085525, -0.09286339370540701, -0.18275212617755857, -0.008836513259521384, 0.3565923585481166, -0.08913389539744834, -0.017185128534759692, -0.1563235140248892, -0.0425382043678614, 0.01023567598463641, -0.00991275418864386, -0.04291036697512223, -0.21056770917487683, -0.15595781584599416, 0.046211272087154955, -0.06080823097611033, 0.16086505271989338, 0.6150957811906116, 0.5983433303535648, 0.506535630569002, 0.1918348114390216, -0.0247234620559388, -0.15062716384346206, -0.0025000889372143124, -0.16620136091602036, 0.6193498674450101, 0.5313806415875297, 0.520115665299589, 0.4666739622705829, 0.5188201732915085, 0.39419151159648547, 0.3794462083451185, -0.12317203598729753, -0.06156551810338481, -0.180133962629886, 0.25397807542282164, 0.1398671749637212, 0.31642940410166526, 0.26878049997000697, 0.27939714277181316, 0.26726066150734157, 0.287133842003945]
[-0.018957540970254868, -0.04389737213878463, -0.06815956229777326, -0.07588814421898893, 0.7631288370362941, -0.157828603403922, -0.04489881782582593, 0.11724926438924757, 0.25905717763627445, 0.13327460678614436, 0.3662010776090768, 0.00686392965203674, 0.7266938876936636, 0.05774167604499976, 0.11533808557433024, 0.46575401167992864, 0.5158043745390809, 0.37563117624834563, 0.3157253165730182, 0.2445605612204059, 0.5944264990901567, 0.5535149763954083, 0.4050225010402513, 0.4347897804609332, 0.08842136365224244, 0.11813669729864343, -0.0330913041930141, 0.27722095845622013, -0.04910845341019548, 0.09113937360436565, -0.025750053267847822, -0.061746831491124414, 0.041306963356957195, -0.14620213640558824, -0.09725439326062704, 0.08926285577154877, 0.7118640082413489, 0.2682032373518271, 0.19064458491051386, 0.002864405220907112, -0.042533572499451736, 0.09807385511885583, 0.10021247430717253, -0.0639843438676681, -0.06652548897746237, -0.08944120977615752, 0.10064350169202695, 0.03666592068378453, 0.29674410496583786, 0.34742156896493925, 0.19891519213358708, 0.16460226243331408, 0.23198439913390506, 0.27590363409427787, 0.24814314529379078, 0.002032940406073442, 0.08521742335508152, 0.01002171645722702, -0.03878593406073141, 0.041917772893683175, 0.5969291428347568, 0.11359659048865449, -0.017703372634432866, 0.3055061107900811, 0.1500313060475178, 0.13489507718051405, 0.1728500025171709, 0.2860762026869477, 0.33712008505444063, 0.42479895588622774, 0.09592188071173632, 0.022899033265977826, 0.14333073483358322, 0.4087410278406987, 0.3617284337981055, -0.03509033710260206, -0.08238845340188305, -0.09474231267134613, -0.09239826858249968, -0.053001161752230845, 0.010158286910586761, 0.2957936990606036, -0.07521405335720324, 0.13220740543067827, 0.08954709750193843, -0.01908612656505609, 0.1383878907346342, -0.0032075495876248347, 0.01780564732935031, -0.05028754305141792, 0.016535642886678855, 0.35511047375733923, 0.5896063397204752, -0.029094866431611254, -0.07449532311087492, -0.005386992702600476, 0.2588263799210332, 0.14411081978813414, 0.0745942517706365, 0.2566651391784796, 0.16240115808157451, 0.190141976449422, -0.1762331522329787, -0.14469913104534687, 0.1470741154793824, 0.27352038235631915, 0.10955732318085525, -0.09286339370540701, -0.08913389539744834, -0.017185128534759692, -0.1563235140248892, -0.0425382043678614, -0.00991275418864386, -0.04291036697512223, 0.046211272087154955, -0.06080823097611033, 0.16086505271989338, 0.5983433303535648, 0.506535630569002, 0.1918348114390216, -0.0247234620559388, 0.5188201732915085, -0.12317203598729753, 0.25397807542282164, 0.26878049997000697, 0.27939714277181316, 0.26726066150734157]
[]